 0.0000000E+00
 0.1252208E-03
 0.0000000E+00
 0.6810291E-04
 0.1098501E-04
 0.1252208E-03
 0.1098501E-04
 0.1823387E-03
 0.1823387E-03
 0.0000000E+00
 0.6810291E-04
 0.1098501E-04
 0.0000000E+00
 0.1252208E-03
 0.6810291E-04
 0.2965745E-03
 0.1823387E-03
 0.6963997E-03
 0.1438932E-02
 0.3380941E-02
 0.6065481E-02
 0.8521550E-02
 0.1069203E-01
 0.1217710E-01
 0.1337657E-01
 0.1469028E-01
 0.1588976E-01
 0.1691788E-01
 0.1777465E-01
 0.1857430E-01
 0.1914548E-01
 0.1977378E-01
 0.2051631E-01
 0.2108749E-01
 0.2160155E-01
 0.2188714E-01
 0.2240120E-01
 0.2245832E-01
 0.2302950E-01
 0.2342932E-01
 0.2354356E-01
 0.2360068E-01
 0.2388626E-01
 0.2400050E-01
 0.2388626E-01
 0.2417185E-01
 0.2411474E-01
 0.2417185E-01
 0.2400050E-01
 0.2382915E-01
 0.2360068E-01
 0.2354356E-01
 0.2302950E-01
 0.2280102E-01
 0.2251543E-01
 0.2222984E-01
 0.2171578E-01
 0.2131596E-01
 0.2085902E-01
 0.2011648E-01
 0.1931683E-01
 0.1891701E-01
 0.1828871E-01
 0.1754618E-01
 0.1657517E-01
 0.1560417E-01
 0.1429046E-01
 0.1354793E-01
 0.1240557E-01
 0.1092050E-01
 0.9264084E-02
 0.7493429E-02
 0.4923123E-02
 0.2295701E-02
 0.6963997E-03
 0.0000000E+00
 0.0000000E+00
 0.0000000E+00
 0.0000000E+00
 0.0000000E+00
 0.0000000E+00
 0.0000000E+00
 0.0000000E+00
 0.0000000E+00
 0.0000000E+00
 0.0000000E+00
 0.0000000E+00
 0.0000000E+00
 0.0000000E+00
 0.0000000E+00
 0.0000000E+00
 0.0000000E+00
 0.0000000E+00
 0.0000000E+00
 0.0000000E+00
 0.0000000E+00
 0.0000000E+00
 0.0000000E+00
 0.0000000E+00
 0.0000000E+00
